INLINE-  2147483647 2147483647    452670.39541   6781140.21197      1853.70550 Fault1 1
INLINE-  2147483647 2147483647    452773.57723   6781138.78118      1907.33185 Fault1 1
INLINE-  2147483647 2147483647    452938.49176   6781136.49437      1987.59496 Fault1 1
INLINE-  2147483647 2147483647    453082.24079   6781134.50105      2035.04722 Fault1 1
INLINE-  2147483647 2147483647    453205.70621   6781132.78899      2094.84764 Fault1 1
INLINE-  2147483647 2147483647    453299.18717   6781131.49272      2152.53124 Fault1 1
INLINE-  2147483647 2147483647    453432.35345   6781129.64615      2224.67984 Fault1 1
INLINE-  2147483647 2147483647    453546.11802   6781128.06862      2282.36344 Fault1 1
INLINE-  2147483647 2147483647    453566.40163   6781127.78735      2307.05978 Fault1 1
INLINE-  2147483647 2147483647    452581.25635   6781391.01532      1886.69276 Fault1 2
INLINE-  2147483647 2147483647    452766.45448   6781388.44724      1958.84136 Fault1 2
INLINE-  2147483647 2147483647    452941.95176   6781386.01367      2061.86039 Fault1 2
INLINE-  2147483647 2147483647    453065.41718   6781384.30162      2138.06624 Fault1 2
INLINE-  2147483647 2147483647    453250.61532   6781381.73354      2199.80710 Fault1 2
INLINE-  2147483647 2147483647    453487.84531   6781378.44395      2267.89844 Fault1 2
INLINE-  2147483647 2147483647    453569.86163   6781377.30666      2302.82613 Fault1 2
INLINE-  2147483647 2147483647    452367.76996   6781643.54295      1954.60770 Fault1 3
INLINE-  2147483647 2147483647    452470.95178   6781642.11216      2014.40813 Fault1 3
INLINE-  2147483647 2147483647    452584.71635   6781640.53463      2076.32539 Fault1 3
INLINE-  2147483647 2147483647    452790.19809   6781637.68528      2146.35716 Fault1 3
INLINE-  2147483647 2147483647    453007.14447   6781634.67696      2226.62027 Fault1 3
INLINE-  2147483647 2147483647    453275.24082   6781630.95935      2286.42070 Fault1 3
INLINE-  2147483647 2147483647    453315.80803   6781630.39682      2298.76887 Fault1 3
INLINE-  2147483647 2147483647    452661.54266   6781265.11837      1882.63551 Fault1 4
INLINE-  2147483647 2147483647    452878.48905   6781262.11005      1985.65453 Fault1 4
INLINE-  2147483647 2147483647    453032.82083   6781259.96998      2063.80081 Fault1 4
INLINE-  2147483647 2147483647    453197.73536   6781257.68316      2140.18307 Fault1 4
INLINE-  2147483647 2147483647    453403.21710   6781254.83382      2224.67984 Fault1 4
INLINE-  2147483647 2147483647    453620.16348   6781251.82549      2307.05978 Fault1 4
INLINE-  2147483647 2147483647    452376.62271   6781518.63655      1905.21502 Fault1 5
INLINE-  2147483647 2147483647    452592.68720   6781515.64045      1985.65453 Fault1 5
INLINE-  2147483647 2147483647    452819.33444   6781512.49761      2072.09173 Fault1 5
INLINE-  2147483647 2147483647    453036.28083   6781509.48929      2146.35716 Fault1 5
INLINE-  2147483647 2147483647    453201.19536   6781507.20247      2199.80710 Fault1 5
INLINE-  2147483647 2147483647    453386.39349   6781504.63439      2251.31661 Fault1 5
INLINE-  2147483647 2147483647    453448.12620   6781503.77837      2282.36344 Fault1 5
INLINE-  2147483647 2147483647    453520.44167   6781502.77559      2304.94295 Fault1 5
INLINE-  2147483647 2147483647    452287.48365   6781769.43990      1936.08545 Fault1 6
INLINE-  2147483647 2147483647    452369.49996   6781768.30260      1989.71179 Fault1 6
INLINE-  2147483647 2147483647    452503.54814   6781766.44380      2047.39539 Fault1 6
INLINE-  2147483647 2147483647    452679.04542   6781764.01024      2111.25307 Fault1 6
INLINE-  2147483647 2147483647    452864.24355   6781761.44216      2162.76259 Fault1 6
INLINE-  2147483647 2147483647    453018.57533   6781759.30209      2216.38893 Fault1 6
INLINE-  2147483647 2147483647    453214.35621   6781756.58726      2270.01527 Fault1 6
INLINE-  2147483647 2147483647    453328.12078   6781755.00973      2298.76887 Fault1 6
INLINE-  2147483647 2147483647    452402.97822   6781892.62201      1929.91136 Fault1 7
INLINE-  2147483647 2147483647    452577.59360   6781890.20068      1977.36362 Fault1 7
INLINE-  2147483647 2147483647    452701.05902   6781888.48863      2024.81587 Fault1 7
INLINE-  2147483647 2147483647    452918.00541   6781885.48030      2098.90490 Fault1 7
INLINE-  2147483647 2147483647    453082.91994   6781883.19349      2166.81984 Fault1 7
INLINE-  2147483647 2147483647    453195.80261   6781881.62818      2222.56301 Fault1 7
INLINE-  2147483647 2147483647    453391.58349   6781878.91335      2278.12978 Fault1 7
INLINE-  2147483647 2147483647    453473.59981   6781877.77606      2292.59478 Fault1 7
INLINE-  2147483647 2147483647    452239.79369   6782019.66848      1936.08545 Fault1 8
INLINE-  2147483647 2147483647    452466.44093   6782016.52564      2006.11722 Fault1 8
INLINE-  2147483647 2147483647    452733.65538   6782012.82027      2065.91764 Fault1 8
INLINE-  2147483647 2147483647    452950.60176   6782009.81195      2140.18307 Fault1 8
INLINE-  2147483647 2147483647    453032.61808   6782008.67465      2189.57576 Fault1 8
INLINE-  2147483647 2147483647    453135.79990   6782007.24386      2224.67984 Fault1 8
INLINE-  2147483647 2147483647    453300.71443   6782004.95705      2267.89844 Fault1 8
INLINE-  2147483647 2147483647    453434.76260   6782003.09825      2298.76887 Fault1 8
INLINE-  2147483647 2147483647    452158.62547   6782145.57766      1950.55045 Fault1 9
INLINE-  2147483647 2147483647    452312.95725   6782143.43759      2006.11722 Fault1 9
INLINE-  2147483647 2147483647    452539.60449   6782140.29475      2057.62673 Fault1 9
INLINE-  2147483647 2147483647    452704.51902   6782138.00794      2105.07899 Fault1 9
INLINE-  2147483647 2147483647    452797.11809   6782136.72390      2146.35716 Fault1 9
INLINE-  2147483647 2147483647    452962.03262   6782134.43708      2208.09801 Fault1 9
INLINE-  2147483647 2147483647    453117.24629   6782132.28478      2261.72436 Fault1 9
INLINE-  2147483647 2147483647    453230.12897   6782130.71948      2282.36344 Fault1 9
INLINE-  2147483647 2147483647    453282.16082   6782129.99797      2292.59478 Fault1 9
INLINE-  2147483647 2147483647    452118.90637   6782270.91207      1969.07270 Fault1 10
INLINE-  2147483647 2147483647    452232.67094   6782269.33454      2020.58222 Fault1 10
INLINE-  2147483647 2147483647    452345.55361   6782267.76923      2043.33813 Fault1 10
INLINE-  2147483647 2147483647    452551.91724   6782264.90766      2102.96216 Fault1 10
INLINE-  2147483647 2147483647    452727.41452   6782262.47410      2152.53124 Fault1 10
INLINE-  2147483647 2147483647    452902.02991   6782260.05276      2201.92393 Fault1 10
INLINE-  2147483647 2147483647    453139.25990   6782256.76317      2282.36344 Fault1 10
INLINE-  2147483647 2147483647    453221.27622   6782255.62588      2300.88570 Fault1 10
INLINE-  2147483647 2147483647    452275.85004   6782393.51943      1973.30636 Fault1 11
INLINE-  2147483647 2147483647    452378.14997   6782392.10087      2020.58222 Fault1 11
INLINE-  2147483647 2147483647    452595.09635   6782389.09255      2090.61399 Fault1 11
INLINE-  2147483647 2147483647    452729.14453   6782387.23375      2158.70533 Fault1 11
INLINE-  2147483647 2147483647    452894.05905   6782384.94693      2220.44618 Fault1 11
INLINE-  2147483647 2147483647    453048.39083   6782382.80687      2276.18936 Fault1 11
INLINE-  2147483647 2147483647    453140.98990   6782381.52283      2307.05978 Fault1 11
INLINE-  2147483647 2147483647    452194.68183   6782519.42861      1995.88587 Fault1 12
INLINE-  2147483647 2147483647    452318.14725   6782517.71655      2061.86039 Fault1 12
INLINE-  2147483647 2147483647    452535.09364   6782514.70823      2101.02173 Fault1 12
INLINE-  2147483647 2147483647    452720.29178   6782512.14015      2142.12350 Fault1 12
INLINE-  2147483647 2147483647    452905.48991   6782509.57207      2204.04076 Fault1 12
INLINE-  2147483647 2147483647    453059.82169   6782507.43200      2241.08527 Fault1 12
INLINE-  2147483647 2147483647    453224.73622   6782505.14519      2274.07253 Fault1 12
INLINE-  2147483647 2147483647    453327.91804   6782503.71440      2296.65204 Fault1 12
INLINE-  2147483647 2147483647    452031.49730   6782646.47508      1971.18953 Fault1 13
INLINE-  2147483647 2147483647    452154.96273   6782644.76302      2024.81587 Fault1 13
INLINE-  2147483647 2147483647    452341.04276   6782642.18271      2088.67356 Fault1 13
INLINE-  2147483647 2147483647    452495.37454   6782640.04265      2121.66082 Fault1 13
INLINE-  2147483647 2147483647    452814.62084   6782635.61576      2173.17033 Fault1 13
INLINE-  2147483647 2147483647    453020.98448   6782632.75419      2214.27210 Fault1 13
INLINE-  2147483647 2147483647    453185.89901   6782630.46737      2261.72436 Fault1 13
INLINE-  2147483647 2147483647    453319.94718   6782628.60857      2290.47795 Fault1 13
INLINE-  2147483647 2147483647    453340.23079   6782628.32731      2292.59478 Fault1 13
INLINE-  2147483647 2147483647    452002.36095   6782771.66275      2014.40813 Fault1 14
INLINE-  2147483647 2147483647    452146.99187   6782769.65720      2076.32539 Fault1 14
INLINE-  2147483647 2147483647    452311.90640   6782767.37038      2129.77533 Fault1 14
INLINE-  2147483647 2147483647    452527.97089   6782764.37429      2195.74984 Fault1 14
INLINE-  2147483647 2147483647    452672.60182   6782762.36874      2249.37618 Fault1 14
INLINE-  2147483647 2147483647    452878.08355   6782759.51939      2280.24661 Fault1 14
INLINE-  2147483647 2147483647    452950.39902   6782758.51662      2294.71161 Fault1 14
INLINE-  2147483647 2147483647    451983.80734   6782896.70367      2004.17679 Fault1 15
INLINE-  2147483647 2147483647    452179.58823   6782893.98884      2065.91764 Fault1 15
INLINE-  2147483647 2147483647    452354.20361   6782891.56750      2119.54399 Fault1 15
INLINE-  2147483647 2147483647    452437.10182   6782890.41798      2160.64576 Fault1 15
INLINE-  2147483647 2147483647    452622.29996   6782887.84990      2234.91118 Fault1 15
INLINE-  2147483647 2147483647    452756.34813   6782885.99110      2270.01527 Fault1 15
INLINE-  2147483647 2147483647    452818.08084   6782885.13507      2284.30387 Fault1 15
INLINE-  2147483647 2147483647    452890.39631   6782884.13230      2304.94295 Fault1 15
INLINE-  2147483647 2147483647    451871.77278   6783023.04085      2016.52496 Fault1 16
INLINE-  2147483647 2147483647    451985.53734   6783021.46332      2082.49947 Fault1 16
INLINE-  2147483647 2147483647    452201.60183   6783018.46723      2152.53124 Fault1 16
INLINE-  2147483647 2147483647    452542.01364   6783013.74685      2218.32935 Fault1 16
INLINE-  2147483647 2147483647    452696.34542   6783011.60678      2241.08527 Fault1 16
INLINE-  2147483647 2147483647    452953.85902   6783008.03593      2276.18936 Fault1 16
INLINE-  2147483647 2147483647    453026.17448   6783007.03315      2292.59478 Fault1 16
INLINE-  2147483647 2147483647    453035.87533   6783006.89863      2294.71161 Fault1 16
INLINE-  2147483647 2147483647    451719.17100   6783149.94058      2018.46539 Fault1 17
INLINE-  2147483647 2147483647    451904.36913   6783147.37250      2065.91764 Fault1 17
INLINE-  2147483647 2147483647    452192.74908   6783143.37363      2129.77533 Fault1 17
INLINE-  2147483647 2147483647    452378.82911   6783140.79332      2183.40167 Fault1 17
INLINE-  2147483647 2147483647    452564.02725   6783138.22524      2230.85393 Fault1 17
INLINE-  2147483647 2147483647    452862.98995   6783134.07962      2284.30387 Fault1 17
INLINE-  2147483647 2147483647    452935.30541   6783133.07685      2294.71161 Fault1 17
INLINE-  2147483647 2147483647    452945.00627   6783132.94233      2296.65204 Fault1 17
INLINE-  2147483647 2147483647    451803.79921   6783273.55071      2014.40813 Fault1 18
INLINE-  2147483647 2147483647    451978.41459   6783271.12938      2072.09173 Fault1 18
INLINE-  2147483647 2147483647    452153.91187   6783268.69581      2123.60124 Fault1 18
INLINE-  2147483647 2147483647    452277.37730   6783266.98376      2179.34442 Fault1 18
INLINE-  2147483647 2147483647    452452.87458   6783264.55020      2237.02801 Fault1 18
INLINE-  2147483647 2147483647    452586.04085   6783262.70362      2259.60753 Fault1 18
INLINE-  2147483647 2147483647    452843.55445   6783259.13277      2294.71161 Fault1 18
INLINE-  2147483647 2147483647    452875.30270   6783258.69253      2298.76887 Fault1 18
INLINE-  2147483647 2147483647    451681.18189   6783400.03465      2020.58222 Fault1 19
INLINE-  2147483647 2147483647    451949.27824   6783396.31704      2105.07899 Fault1 19
INLINE-  2147483647 2147483647    452155.64187   6783393.45547      2183.40167 Fault1 19
INLINE-  2147483647 2147483647    452464.30543   6783389.17533      2238.96844 Fault1 19
INLINE-  2147483647 2147483647    452794.13449   6783384.60170      2286.42070 Fault1 19
INLINE-  2147483647 2147483647    452866.44995   6783383.59893      2300.88570 Fault1 19
INLINE-  2147483647 2147483647    452877.03270   6783383.45218      2302.82613 Fault1 19
INLINE-  2147483647 2147483647    451734.94375   6783524.07279      1995.88587 Fault1 20
INLINE-  2147483647 2147483647    451889.27553   6783521.93272      2063.80081 Fault1 20
INLINE-  2147483647 2147483647    452033.90645   6783519.92718      2113.36990 Fault1 20
INLINE-  2147483647 2147483647    452239.38819   6783517.07783      2189.57576 Fault1 20
INLINE-  2147483647 2147483647    452373.43637   6783515.21903      2224.67984 Fault1 20
INLINE-  2147483647 2147483647    452538.35089   6783512.93221      2267.89844 Fault1 20
INLINE-  2147483647 2147483647    452692.68267   6783510.79215      2304.94295 Fault1 20
INLINE-  2147483647 2147483647    451736.67375   6783648.83245      2026.75630 Fault1 21
INLINE-  2147483647 2147483647    451860.13917   6783647.12039      2101.02173 Fault1 21
INLINE-  2147483647 2147483647    452035.63645   6783644.68683      2160.64576 Fault1 21
INLINE-  2147483647 2147483647    452148.51913   6783643.12152      2195.74984 Fault1 21
INLINE-  2147483647 2147483647    452293.15005   6783641.11597      2234.91118 Fault1 21
INLINE-  2147483647 2147483647    452406.03272   6783639.55067      2282.36344 Fault1 21
INLINE-  2147483647 2147483647    452458.06458   6783638.82916      2300.88570 Fault1 21
INLINE-  2147483647 2147483647    452708.64709   6781014.89790      1850.08141 Fault1 22
INLINE-  2147483647 2147483647    452794.63098   6781013.70559      1903.22370 Fault1 22
INLINE-  2147483647 2147483647    452948.96104   6781011.56555      1975.55015 Fault1 22
INLINE-  2147483647 2147483647    453060.29915   6781010.02166      2058.01994 Fault1 22
INLINE-  2147483647 2147483647    453215.73157   6781007.86633      2125.05421 Fault1 22
INLINE-  2147483647 2147483647    453327.06968   6781006.32244      2195.39609 Fault1 22
INLINE-  2147483647 2147483647    453499.03746   6781003.93782      2253.83057 Fault1 22
INLINE-  2147483647 2147483647    453653.36752   6781001.79778      2286.46567 Fault1 22
INLINE-  2147483647 2147483647    453687.54061   6781001.32391      2295.06546 Fault1 22
INLINE-  2147483647 2147483647    452586.76011   6780891.80442      1860.22475 Fault1 23
INLINE-  2147483647 2147483647    452758.72789   6780889.41980      1961.65818 Fault1 23
INLINE-  2147483647 2147483647    453042.03379   6780885.49130      2049.42015 Fault1 23
INLINE-  2147483647 2147483647    453282.34774   6780882.15894      2128.36182 Fault1 23
INLINE-  2147483647 2147483647    453762.97563   6780875.49424      2260.66630 Fault1 23
INLINE-  2147483647 2147483647    453926.12455   6780873.23190      2295.06546 Fault1 23
INLINE-  2147483647 2147483647    453943.76228   6780872.98733      2300.13713 Fault1 23
INLINE-  2147483647 2147483647    452619.20320   6780766.57090      1868.82454 Fault1 24
INLINE-  2147483647 2147483647    452679.83286   6780765.73017      1929.02308 Fault1 24
INLINE-  2147483647 2147483647    452851.80064   6780763.34555      1996.05735 Fault1 24
INLINE-  2147483647 2147483647    453126.28768   6780759.53933      2083.81931 Fault1 24
INLINE-  2147483647 2147483647    453271.79887   6780757.52158      2136.96161 Fault1 24
INLINE-  2147483647 2147483647    453581.56135   6780753.22620      2222.95952 Fault1 24
INLINE-  2147483647 2147483647    453761.24563   6780750.73458      2277.86588 Fault1 24
INLINE-  2147483647 2147483647    453804.23758   6780750.13843      2289.99379 Fault1 24
INLINE-  2147483647 2147483647    453804.23758   6780750.13843      2291.53734 Fault1 24
INLINE-  2147483647 2147483647    452411.33233   6780644.66974      1886.02412 Fault1 25
INLINE-  2147483647 2147483647    452583.30011   6780642.28512      1958.35057 Fault1 25
INLINE-  2147483647 2147483647    452694.63822   6780640.74123      2011.49287 Fault1 25
INLINE-  2147483647 2147483647    452875.42487   6780638.23432      2087.12693 Fault1 25
INLINE-  2147483647 2147483647    453106.91995   6780635.02425      2157.68931 Fault1 25
INLINE-  2147483647 2147483647    453287.70660   6780632.51735      2203.99588 Fault1 25
INLINE-  2147483647 2147483647    453639.35866   6780627.64110      2267.50203 Fault1 25
INLINE-  2147483647 2147483647    453802.50758   6780625.37877      2298.59358 Fault1 25
