INLINE-  2147483647 2147483647    455487.64924   6788089.03008      1927.64827 Fault_4 1
INLINE-  2147483647 2147483647    455606.17497   6788087.38653      2045.85097 Fault_4 1
INLINE-  2147483647 2147483647    455717.92780   6788085.83689      2137.86167 Fault_4 1
INLINE-  2147483647 2147483647    455848.87051   6788084.02115      2203.56747 Fault_4 1
INLINE-  2147483647 2147483647    455967.39624   6788082.37759      2254.82250 Fault_4 1
INLINE-  2147483647 2147483647    456144.62043   6788079.92008      2300.77140 Fault_4 1
INLINE-  2147483647 2147483647    455392.90221   6788339.91120      1938.14765 Fault_4 2
INLINE-  2147483647 2147483647    455484.90075   6788338.63548      1980.14517 Fault_4 2
INLINE-  2147483647 2147483647    455602.86207   6788336.99975      2044.60911 Fault_4 2
INLINE-  2147483647 2147483647    455714.61490   6788335.45011      2093.15463 Fault_4 2
INLINE-  2147483647 2147483647    456069.06328   6788330.53510      2203.56747 Fault_4 2
INLINE-  2147483647 2147483647    456279.58755   6788327.61583      2283.72402 Fault_4 2
INLINE-  2147483647 2147483647    456325.30462   6788326.98188      2300.77140 Fault_4 2
INLINE-  2147483647 2147483647    455514.32353   6788587.79478      1923.69689 Fault_4 3
INLINE-  2147483647 2147483647    455600.11358   6788586.60515      1985.45131 Fault_4 3
INLINE-  2147483647 2147483647    456099.05047   6788579.68656      2148.36105 Fault_4 3
INLINE-  2147483647 2147483647    456289.25604   6788577.04904      2206.16409 Fault_4 3
INLINE-  2147483647 2147483647    456394.80038   6788575.58550      2241.61361 Fault_4 3
INLINE-  2147483647 2147483647    456473.25313   6788574.49762      2283.72402 Fault_4 3
INLINE-  2147483647 2147483647    456506.55321   6788574.03586      2299.41665 Fault_4 3
INLINE-  2147483647 2147483647    456519.53460   6788573.85585      2299.41665 Fault_4 3
INLINE-  2147483647 2147483647    455800.55206   6788833.39303      1924.93876 Fault_4 4
INLINE-  2147483647 2147483647    455925.28628   6788831.66338      2030.15835 Fault_4 4
INLINE-  2147483647 2147483647    456050.02050   6788829.93373      2091.91277 Fault_4 4
INLINE-  2147483647 2147483647    456246.99898   6788827.20230      2166.76319 Fault_4 4
INLINE-  2147483647 2147483647    455764.50348   6789083.46019      1927.64827 Fault_4 5
INLINE-  2147483647 2147483647    455876.25632   6789081.91055      1997.30545 Fault_4 5
INLINE-  2147483647 2147483647    456000.99054   6789080.18090      2049.80235 Fault_4 5
INLINE-  2147483647 2147483647    456230.70469   6789076.99553      2112.91153 Fault_4 5
INLINE-  2147483647 2147483647    456421.47467   6789074.35019      2178.61733 Fault_4 5
INLINE-  2147483647 2147483647    455780.94487   6789332.79949      1950.00179 Fault_4 6
INLINE-  2147483647 2147483647    455853.18913   6789331.79770      2001.14393 Fault_4 6
INLINE-  2147483647 2147483647    455997.67764   6789329.79413      2055.10849 Fault_4 6
INLINE-  2147483647 2147483647    456411.24177   6788824.92480      2219.26009 Fault_4 7
INLINE-  2147483647 2147483647    456608.22025   6788822.19336      2269.27326 Fault_4 7
INLINE-  2147483647 2147483647    456739.72737   6788820.36980      2294.22340 Fault_4 7
INLINE-  2147483647 2147483647    456473.96464   6789073.62233      2190.35857 Fault_4 8
INLINE-  2147483647 2147483647    455935.66628   6789580.22130      1942.09903 Fault_4 9
INLINE-  2147483647 2147483647    456125.87186   6789577.58379      2015.59469 Fault_4 9
INLINE-  2147483647 2147483647    456211.66191   6789576.39416      2065.60787 Fault_4 10
INLINE-  2147483647 2147483647    456303.09605   6789575.12628      2124.65277 Fault_4 10
INLINE-  2147483647 2147483647    456448.14896   6789573.11488      2198.26133 Fault_4 10
INLINE-  2147483647 2147483647    456559.33739   6789571.57306      2266.56375 Fault_4 10
INLINE-  2147483647 2147483647    456611.82735   6789570.84520      2298.17478 Fault_4 10
INLINE-  2147483647 2147483647    456109.43047   6789328.24449      2105.00877 Fault_4 11
INLINE-  2147483647 2147483647    456181.67472   6789327.24270      2127.36229 Fault_4 11
INLINE-  2147483647 2147483647    456398.40749   6789324.23734      2220.61485 Fault_4 11
INLINE-  2147483647 2147483647    456490.40603   6789322.96163      2261.37051 Fault_4 12
INLINE-  2147483647 2147483647    456647.87593   6789320.77804      2300.77140 Fault_4 12
INLINE-  2147483647 2147483647    456539.43600   6789072.71446      2246.91975 Fault_4 13
INLINE-  2147483647 2147483647    456670.94312   6789070.89089      2292.86865 Fault_4 13
INLINE-  2147483647 2147483647    455556.43349   6787838.50899      1947.29227 Fault_4 14
INLINE-  2147483647 2147483647    455760.18487   6787835.68364      2012.99807 Fault_4 14
INLINE-  2147483647 2147483647    455904.67338   6787833.68006      2077.34911 Fault_4 14
INLINE-  2147483647 2147483647    455989.89902   6787832.49827      2135.26505 Fault_4 14
INLINE-  2147483647 2147483647    456095.44336   6787831.03472      2183.81057 Fault_4 14
INLINE-  2147483647 2147483647    456226.38607   6787829.21898      2227.16285 Fault_4 14
INLINE-  2147483647 2147483647    456410.38316   6787826.66755      2262.72526 Fault_4 14
INLINE-  2147483647 2147483647    456581.39886   6787824.29614      2299.41665 Fault_4 14
INLINE-  2147483647 2147483647    455586.27358   6787588.52792      1901.34337 Fault_4 15
INLINE-  2147483647 2147483647    455723.98919   6787586.61826      1960.50117 Fault_4 15
INLINE-  2147483647 2147483647    456019.73911   6787582.51720      2080.05863 Fault_4 15
INLINE-  2147483647 2147483647    456183.98190   6787580.23970      2182.56871 Fault_4 15
INLINE-  2147483647 2147483647    456334.67890   6787578.15003      2257.41913 Fault_4 15
INLINE-  2147483647 2147483647    456466.18602   6787576.32647      2298.17478 Fault_4 15
INLINE-  2147483647 2147483647    455674.24771   6787337.74072      1898.74675 Fault_4 16
INLINE-  2147483647 2147483647    455792.77344   6787336.09717      1963.09779 Fault_4 16
INLINE-  2147483647 2147483647    455890.98048   6787334.73536      2019.54607 Fault_4 16
INLINE-  2147483647 2147483647    456061.99617   6787332.36395      2077.34911 Fault_4 16
INLINE-  2147483647 2147483647    456213.25758   6787330.26645      2127.36229 Fault_4 16
INLINE-  2147483647 2147483647    456311.46461   6787328.90465      2191.71333 Fault_4 16
INLINE-  2147483647 2147483647    456449.74463   6787326.98717      2237.66223 Fault_4 16
INLINE-  2147483647 2147483647    456528.19738   6787325.89929      2281.01451 Fault_4 16
INLINE-  2147483647 2147483647    456561.49746   6787325.43753      2303.36803 Fault_4 16
INLINE-  2147483647 2147483647    455710.29629   6787087.67356      1906.53662 Fault_4 17
INLINE-  2147483647 2147483647    455822.04912   6787086.12392      1948.64703 Fault_4 17
INLINE-  2147483647 2147483647    455914.04766   6787084.84821      1995.95069 Fault_4 17
INLINE-  2147483647 2147483647    456117.79904   6787082.02286      2043.25435 Fault_4 17
INLINE-  2147483647 2147483647    456203.02468   6787080.84106      2081.30049 Fault_4 17
INLINE-  2147483647 2147483647    456301.79612   6787079.47143      2144.40967 Fault_4 17
INLINE-  2147483647 2147483647    456413.54895   6787077.92179      2206.16409 Fault_4 17
INLINE-  2147483647 2147483647    456524.73738   6787076.37998      2248.27450 Fault_4 17
INLINE-  2147483647 2147483647    456656.24450   6787074.55642      2275.82126 Fault_4 17
INLINE-  2147483647 2147483647    456741.47014   6787073.37462      2299.41665 Fault_4 17
INLINE-  2147483647 2147483647    455713.60919   6786838.06034      1901.34337 Fault_4 18
INLINE-  2147483647 2147483647    455825.36202   6786836.51070      1961.74303 Fault_4 18
INLINE-  2147483647 2147483647    455910.58766   6786835.32890      2011.75621 Fault_4 18
INLINE-  2147483647 2147483647    456029.11339   6786833.68535      2068.20449 Fault_4 18
INLINE-  2147483647 2147483647    456239.07326   6786830.77390      2137.86167 Fault_4 18
INLINE-  2147483647 2147483647    456429.27883   6786828.13639      2202.21271 Fault_4 18
INLINE-  2147483647 2147483647    456554.57746   6786826.39891      2237.66223 Fault_4 18
INLINE-  2147483647 2147483647    456646.01160   6786825.13102      2266.56375 Fault_4 18
INLINE-  2147483647 2147483647    456744.78304   6786823.76139      2303.36803 Fault_4 18
INLINE-  2147483647 2147483647    455775.62054   6786587.63316      1893.44062 Fault_4 19
INLINE-  2147483647 2147483647    455847.86480   6786586.63137      1961.74303 Fault_4 19
INLINE-  2147483647 2147483647    455939.86334   6786585.35566      2002.49869 Fault_4 19
INLINE-  2147483647 2147483647    456104.10614   6786583.07816      2051.15711 Fault_4 19
INLINE-  2147483647 2147483647    456268.34893   6786580.80066      2097.10601 Fault_4 19
INLINE-  2147483647 2147483647    456393.08315   6786579.07101      2152.31243 Fault_4 20
INLINE-  2147483647 2147483647    456465.32741   6786578.06923      2199.61609 Fault_4 20
INLINE-  2147483647 2147483647    456524.59027   6786577.24745      2258.77388 Fault_4 20
INLINE-  2147483647 2147483647    456629.57021   6786575.79173      2295.57816 Fault_4 20
INLINE-  2147483647 2147483647    455857.95059   6786336.92423      1873.79661 Fault_4 21
INLINE-  2147483647 2147483647    455923.42195   6786336.01636      1898.74675 Fault_4 21
INLINE-  2147483647 2147483647    455995.66620   6786335.01457      1955.19503 Fault_4 21
INLINE-  2147483647 2147483647    456212.39897   6786332.00921      2022.25559 Fault_4 21
INLINE-  2147483647 2147483647    456606.35592   6786326.54634      2087.96139 Fault_4 21
INLINE-  2147483647 2147483647    456718.10875   6786324.99670      2164.16657 Fault_4 21
INLINE-  2147483647 2147483647    456829.86158   6786323.44706      2228.51761 Fault_4 21
INLINE-  2147483647 2147483647    456974.35009   6786321.44349      2267.91851 Fault_4 21
INLINE-  2147483647 2147483647    457145.36578   6786319.07207      2303.36803 Fault_4 21
INLINE-  2147483647 2147483647    455873.68047   6786087.13882      1864.53910 Fault_4 22
INLINE-  2147483647 2147483647    455965.67901   6786085.86311      1902.69813 Fault_4 22
INLINE-  2147483647 2147483647    456182.41178   6786082.85775      1961.74303 Fault_4 22
INLINE-  2147483647 2147483647    456360.20037   6786080.39241      2003.85345 Fault_4 22
INLINE-  2147483647 2147483647    456504.68888   6786078.38884      2033.99683 Fault_4 22
INLINE-  2147483647 2147483647    456714.64875   6786075.47740      2082.65525 Fault_4 22
INLINE-  2147483647 2147483647    456839.38297   6786073.74775      2129.95891 Fault_4 22
INLINE-  2147483647 2147483647    456878.89154   6786073.19990      2169.35981 Fault_4 22
INLINE-  2147483647 2147483647    457016.60715   6786071.29024      2241.61361 Fault_4 22
INLINE-  2147483647 2147483647    457122.15149   6786069.82669      2281.01451 Fault_4 22
INLINE-  2147483647 2147483647    457187.62285   6786068.91882      2298.17478 Fault_4 22
INLINE-  2147483647 2147483647    455962.21901   6785836.34380      1869.84523 Fault_4 23
INLINE-  2147483647 2147483647    456067.76335   6785834.88025      1938.14765 Fault_4 23
INLINE-  2147483647 2147483647    456159.76190   6785833.60454      1994.59593 Fault_4 23
INLINE-  2147483647 2147483647    456369.72176   6785830.69310      2057.70511 Fault_4 23
INLINE-  2147483647 2147483647    456520.98317   6785828.59560      2119.45953 Fault_4 23
INLINE-  2147483647 2147483647    456743.92442   6785825.50415      2208.76071 Fault_4 23
INLINE-  2147483647 2147483647    456888.41293   6785823.50058      2245.56499 Fault_4 23
INLINE-  2147483647 2147483647    457032.90144   6785821.49700      2286.32065 Fault_4 23
INLINE-  2147483647 2147483647    457157.63566   6785819.76736      2299.41665 Fault_4 23
INLINE-  2147483647 2147483647    455900.06056   6785587.63844      1855.39447 Fault_4 24
INLINE-  2147483647 2147483647    456024.79478   6785585.90880      1921.10027 Fault_4 24
INLINE-  2147483647 2147483647    456116.79332   6785584.63308      1980.14517 Fault_4 24
INLINE-  2147483647 2147483647    456221.77325   6785583.17736      2024.85221 Fault_4 24
INLINE-  2147483647 2147483647    456373.03466   6785581.07987      2072.15587 Fault_4 24
INLINE-  2147483647 2147483647    456615.73020   6785577.71449      2139.21643 Fault_4 24
INLINE-  2147483647 2147483647    456773.76451   6785575.52308      2218.01823 Fault_4 24
INLINE-  2147483647 2147483647    456858.99015   6785574.34129      2263.96713 Fault_4 24
INLINE-  2147483647 2147483647    456990.49727   6785572.51772      2298.17478 Fault_4 24
INLINE-  2147483647 2147483647    456113.33332   6785335.11378      1850.08834 Fault_4 25
INLINE-  2147483647 2147483647    456251.04893   6785333.20412      1927.64827 Fault_4 25
INLINE-  2147483647 2147483647    456382.55605   6785331.38055      2019.54607 Fault_4 25
INLINE-  2147483647 2147483647    456625.25159   6785328.01518      2076.10725 Fault_4 25
INLINE-  2147483647 2147483647    456704.26874   6785326.91947      2120.81429 Fault_4 25
INLINE-  2147483647 2147483647    456895.03873   6785324.27413      2214.06685 Fault_4 25
INLINE-  2147483647 2147483647    456993.24576   6785322.91232      2279.77264 Fault_4 25
INLINE-  2147483647 2147483647    457032.75434   6785322.36447      2295.57816 Fault_4 25
INLINE-  2147483647 2147483647    456106.56042   6785335.20769      1842.18558 Fault_4 25
INLINE-  2147483647 2147483647    455936.26905   6785961.48728      1870.28733 Fault_4 26
INLINE-  2147483647 2147483647    456100.30168   6785959.21270      1927.97093 Fault_4 26
INLINE-  2147483647 2147483647    456244.93260   6785957.20715      1991.82862 Fault_4 26
INLINE-  2147483647 2147483647    456409.84713   6785954.92033      2055.68630 Fault_4 26
INLINE-  2147483647 2147483647    456625.91162   6785951.92424      2123.60124 Fault_4 26
INLINE-  2147483647 2147483647    456914.29157   6785947.92537      2222.56301 Fault_4 26
INLINE-  2147483647 2147483647    457028.05614   6785946.34784      2253.43344 Fault_4 26
INLINE-  2147483647 2147483647    457162.10432   6785944.48903      2286.42070 Fault_4 26
INLINE-  2147483647 2147483647    457182.38792   6785944.20777      2288.53753 Fault_4 26
INLINE-  2147483647 2147483647    455901.06079   6785712.40822      1857.76276 Fault_4 27
INLINE-  2147483647 2147483647    456014.82536   6785710.83068      1896.92410 Fault_4 27
INLINE-  2147483647 2147483647    456127.70803   6785709.26538      1936.08545 Fault_4 27
INLINE-  2147483647 2147483647    456179.73989   6785708.54387      1981.42087 Fault_4 27
INLINE-  2147483647 2147483647    456272.33896   6785707.25983      2035.04722 Fault_4 27
INLINE-  2147483647 2147483647    456447.83624   6785704.82627      2127.83490 Fault_4 27
INLINE-  2147483647 2147483647    456622.45162   6785702.40493      2173.17033 Fault_4 27
INLINE-  2147483647 2147483647    456776.78340   6785700.26486      2218.32935 Fault_4 27
INLINE-  2147483647 2147483647    456901.13072   6785698.54058      2257.49070 Fault_4 27
INLINE-  2147483647 2147483647    457014.01339   6785696.97528      2282.36344 Fault_4 27
INLINE-  2147483647 2147483647    457035.17889   6785696.68178      2288.53753 Fault_4 27
INLINE-  2147483647 2147483647    457044.87975   6785696.54726      2290.47795 Fault_4 27
INLINE-  2147483647 2147483647    455949.63265   6785462.16740      1859.87959 Fault_4 28
INLINE-  2147483647 2147483647    456073.09807   6785460.45535      1927.97093 Fault_4 28
INLINE-  2147483647 2147483647    456248.59535   6785458.02179      1981.42087 Fault_4 28
INLINE-  2147483647 2147483647    456392.34438   6785456.02847      2041.22130 Fault_4 28
INLINE-  2147483647 2147483647    456578.42441   6785453.44816      2102.96216 Fault_4 28
INLINE-  2147483647 2147483647    456783.90615   6785450.59881      2175.11076 Fault_4 28
INLINE-  2147483647 2147483647    457021.13614   6785447.30922      2257.49070 Fault_4 28
INLINE-  2147483647 2147483647    457175.46792   6785445.16915      2290.47795 Fault_4 28
INLINE-  2147483647 2147483647    457206.33427   6785444.74114      2292.59478 Fault_4 28
INLINE-  2147483647 2147483647    455997.32261   6785211.93881      1841.35733 Fault_4 29
INLINE-  2147483647 2147483647    456152.53628   6785209.78652      1913.50593 Fault_4 29
INLINE-  2147483647 2147483647    456306.86806   6785207.64645      1985.65453 Fault_4 29
INLINE-  2147483647 2147483647    456399.46713   6785206.36241      2026.75630 Fault_4 29
INLINE-  2147483647 2147483647    456667.56348   6785202.64481      2115.31033 Fault_4 29
INLINE-  2147483647 2147483647    456873.04522   6785199.79546      2185.51850 Fault_4 29
INLINE-  2147483647 2147483647    457068.82610   6785197.08063      2247.25936 Fault_4 29
INLINE-  2147483647 2147483647    457223.15788   6785194.94056      2284.30387 Fault_4 29
INLINE-  2147483647 2147483647    457264.60699   6785194.36580      2294.71161 Fault_4 29
INLINE-  2147483647 2147483647    455799.81172   6785089.89399      1859.87959 Fault_4 30
INLINE-  2147483647 2147483647    455924.15904   6785088.16970      1919.68002 Fault_4 30
INLINE-  2147483647 2147483647    456109.35718   6785085.60162      2012.29130 Fault_4 30
INLINE-  2147483647 2147483647    456222.23985   6785084.03632      2084.43990 Fault_4 30
INLINE-  2147483647 2147483647    456459.46984   6785080.74673      2164.87941 Fault_4 30
INLINE-  2147483647 2147483647    456696.69983   6785077.45714      2220.44618 Fault_4 30
INLINE-  2147483647 2147483647    456861.61436   6785075.17032      2261.72436 Fault_4 30
INLINE-  2147483647 2147483647    456994.78064   6785073.32375      2288.53753 Fault_4 30
INLINE-  2147483647 2147483647    455859.81443   6784964.27831      1847.53142 Fault_4 31
INLINE-  2147483647 2147483647    455962.99625   6784962.84752      1919.68002 Fault_4 31
INLINE-  2147483647 2147483647    456107.62718   6784960.84197      2002.05996 Fault_4 31
INLINE-  2147483647 2147483647    456231.09260   6784959.12992      2090.61399 Fault_4 31
INLINE-  2147483647 2147483647    456478.02344   6784955.70581      2171.05350 Fault_4 31
INLINE-  2147483647 2147483647    456715.25344   6784952.41622      2230.85393 Fault_4 31
INLINE-  2147483647 2147483647    456890.75072   6784949.98266      2274.07253 Fault_4 31
INLINE-  2147483647 2147483647    457024.79889   6784948.12386      2300.88570 Fault_4 31
INLINE-  2147483647 2147483647    455538.83813   6784843.94553      1868.17051 Fault_4 32
INLINE-  2147483647 2147483647    455714.33541   6784841.51197      1936.08545 Fault_4 32
INLINE-  2147483647 2147483647    455920.69904   6784838.65040      2002.05996 Fault_4 32
INLINE-  2147483647 2147483647    455992.13261   6784837.65985      2049.51222 Fault_4 32
INLINE-  2147483647 2147483647    456095.31442   6784836.22906      2105.07899 Fault_4 32
INLINE-  2147483647 2147483647    456373.99352   6784832.36471      2173.17033 Fault_4 32
INLINE-  2147483647 2147483647    456682.65708   6784828.08458      2237.02801 Fault_4 32
INLINE-  2147483647 2147483647    456827.28800   6784826.07903      2270.01527 Fault_4 32
INLINE-  2147483647 2147483647    456960.45428   6784824.23246      2300.88570 Fault_4 32
INLINE-  2147483647 2147483647    455794.62172   6784715.61503      1868.17051 Fault_4 33
INLINE-  2147483647 2147483647    455887.22079   6784714.33098      1927.97093 Fault_4 33
INLINE-  2147483647 2147483647    456021.26896   6784712.47218      2004.17679 Fault_4 33
INLINE-  2147483647 2147483647    456196.76624   6784710.03862      2084.43990 Fault_4 33
INLINE-  2147483647 2147483647    456464.86259   6784706.32102      2156.58850 Fault_4 34
INLINE-  2147483647 2147483647    456722.37618   6784702.75016      2241.08527 Fault_4 34
INLINE-  2147483647 2147483647    457000.17339   6784698.89804      2292.59478 Fault_4 34
INLINE-  2147483647 2147483647    455504.51177   6784594.85424      1882.63551 Fault_4 35
INLINE-  2147483647 2147483647    455741.74176   6784591.56465      1971.18953 Fault_4 35
INLINE-  2147483647 2147483647    456153.58713   6784585.85373      2115.31033 Fault_4 35
INLINE-  2147483647 2147483647    456503.69980   6784580.99883      2226.62027 Fault_4 35
INLINE-  2147483647 2147483647    456936.71067   6784574.99441      2302.82613 Fault_4 35
INLINE-  2147483647 2147483647    455379.31635   6784471.80664      1870.28733 Fault_4 36
INLINE-  2147483647 2147483647    455770.87812   6784466.37698      2024.81587 Fault_4 36
INLINE-  2147483647 2147483647    455966.65900   6784463.66215      2109.13624 Fault_4 36
INLINE-  2147483647 2147483647    456193.30624   6784460.51931      2179.34442 Fault_4 36
INLINE-  2147483647 2147483647    456523.13530   6784455.94568      2249.37618 Fault_4 36
INLINE-  2147483647 2147483647    456862.66521   6784451.23754      2300.88570 Fault_4 36
INLINE-  2147483647 2147483647    455470.18541   6784345.76294      1857.76276 Fault_4 37
INLINE-  2147483647 2147483647    455655.38355   6784343.19486      1917.56319 Fault_4 37
INLINE-  2147483647 2147483647    455985.21260   6784338.62123      2037.16405 Fault_4 37
INLINE-  2147483647 2147483647    456211.85985   6784335.47839      2115.31033 Fault_4 37
INLINE-  2147483647 2147483647    456418.22348   6784332.61682      2199.80710 Fault_4 37
INLINE-  2147483647 2147483647    456644.87072   6784329.47398      2263.66478 Fault_4 37
INLINE-  2147483647 2147483647    456860.93521   6784326.47788      2292.59478 Fault_4 37
INLINE-  2147483647 2147483647    455591.92083   6784219.29124      1826.89233 Fault_4 38
INLINE-  2147483647 2147483647    455736.55176   6784217.28569      1905.21502 Fault_4 38
INLINE-  2147483647 2147483647    456024.93171   6784213.28682      2008.23405 Fault_4 38
INLINE-  2147483647 2147483647    456313.31166   6784209.28795      2102.96216 Fault_4 38
INLINE-  2147483647 2147483647    456766.60614   6784203.00227      2214.27210 Fault_4 38
INLINE-  2147483647 2147483647    457292.21609   6784195.71381      2300.88570 Fault_4 38
INLINE-  2147483647 2147483647    457302.79884   6784195.56706      2302.82613 Fault_4 38
INLINE-  2147483647 2147483647    457302.79884   6784195.56706      2300.88570 Fault_4 39
INLINE-  2147483647 2147483647    455508.17452   6784095.66888      1851.58868 Fault_4 40
INLINE-  2147483647 2147483647    455776.27086   6784091.95127      1973.30636 Fault_4 40
INLINE-  2147483647 2147483647    456084.93442   6784087.67114      2076.32539 Fault_4 40
INLINE-  2147483647 2147483647    456476.49619   6784082.24148      2158.70533 Fault_4 40
INLINE-  2147483647 2147483647    456980.94063   6784075.24652      2237.02801 Fault_4 40
INLINE-  2147483647 2147483647    457352.21880   6784070.09813      2298.76887 Fault_4 40
INLINE-  2147483647 2147483647    455671.35905   6783968.62241      1808.37008 Fault_4 41
INLINE-  2147483647 2147483647    455908.58904   6783965.33282      1932.02819 Fault_4 41
INLINE-  2147483647 2147483647    456320.43441   6783959.62189      2053.56947 Fault_4 41
INLINE-  2147483647 2147483647    456846.04436   6783952.33344      2191.69259 Fault_4 41
INLINE-  2147483647 2147483647    457062.10885   6783949.33734      2249.37618 Fault_4 41
INLINE-  2147483647 2147483647    457268.47248   6783946.47577      2300.88570 Fault_4 41
INLINE-  2147483647 2147483647    455834.54357   6783841.57594      1892.86685 Fault_4 42
INLINE-  2147483647 2147483647    456153.78988   6783837.14906      2008.23405 Fault_4 42
INLINE-  2147483647 2147483647    456411.30348   6783833.57820      2101.02173 Fault_4 42
INLINE-  2147483647 2147483647    456833.73160   6783827.72053      2208.09801 Fault_4 42
INLINE-  2147483647 2147483647    457328.47519   6783820.86009      2300.88570 Fault_4 42
INLINE-  2147483647 2147483647    455719.04901   6783718.39382      1863.93685 Fault_4 43
INLINE-  2147483647 2147483647    456007.42896   6783714.39495      1975.24679 Fault_4 43
INLINE-  2147483647 2147483647    456295.80891   6783710.39608      2068.03447 Fault_4 43
INLINE-  2147483647 2147483647    456728.81979   6783704.39166      2210.21484 Fault_4 43
INLINE-  2147483647 2147483647    457161.83066   6783698.38725      2290.47795 Fault_4 43
INLINE-  2147483647 2147483647    457182.11427   6783698.10598      2290.47795 Fault_4 43
INLINE-  2147483647 2147483647    456636.22072   6783705.67570      2181.28484 Fault_4 43
INLINE-  2147483647 2147483647    455655.58629   6783594.49019      1814.54416 Fault_4 44
INLINE-  2147483647 2147483647    455871.65078   6783591.49410      1907.33185 Fault_4 44
INLINE-  2147483647 2147483647    456119.46353   6783588.05776      1999.94313 Fault_4 44
INLINE-  2147483647 2147483647    456407.84348   6783584.05889      2109.13624 Fault_4 44
INLINE-  2147483647 2147483647    456675.93982   6783580.34129      2189.57576 Fault_4 44
INLINE-  2147483647 2147483647    457026.05249   6783575.48639      2263.66478 Fault_4 44
INLINE-  2147483647 2147483647    457180.38427   6783573.34633      2294.71161 Fault_4 44
INLINE-  2147483647 2147483647    455726.17176   6783468.72776      1851.58868 Fault_4 45
INLINE-  2147483647 2147483647    456086.86717   6783463.72612      1958.84136 Fault_4 45
INLINE-  2147483647 2147483647    456467.84619   6783458.44321      2057.62673 Fault_4 45
INLINE-  2147483647 2147483647    456674.20982   6783455.58164      2152.53124 Fault_4 45
INLINE-  2147483647 2147483647    457127.50431   6783449.29595      2241.08527 Fault_4 45
INLINE-  2147483647 2147483647    457446.75061   6783444.86907      2290.47795 Fault_4 45
INLINE-  2147483647 2147483647    455858.48993   6783342.10931      1820.71825 Fault_4 46
INLINE-  2147483647 2147483647    456228.88620   6783336.97315      1981.42087 Fault_4 46
INLINE-  2147483647 2147483647    456393.80073   6783334.68633      2072.09173 Fault_4 46
INLINE-  2147483647 2147483647    456600.16436   6783331.82476      2171.05350 Fault_4 46
INLINE-  2147483647 2147483647    456908.82792   6783327.54462      2243.20210 Fault_4 46
INLINE-  2147483647 2147483647    457207.79062   6783323.39900      2292.59478 Fault_4 46
INLINE-  2147483647 2147483647    456112.54352   6783089.01914      1878.40185 Fault_4 47
INLINE-  2147483647 2147483647    456473.23894   6783084.01750      1985.65453 Fault_4 47
INLINE-  2147483647 2147483647    457060.58159   6783075.87302      2187.45893 Fault_4 47
INLINE-  2147483647 2147483647    457266.06333   6783073.02367      2251.31661 Fault_4 47
INLINE-  2147483647 2147483647    457523.57693   6783069.45281      2300.88570 Fault_4 47
INLINE-  2147483647 2147483647    457575.60878   6783068.73131      2307.05978 Fault_4 47
INLINE-  2147483647 2147483647    456103.69077   6783213.92555      1892.86685 Fault_4 48
INLINE-  2147483647 2147483647    456279.18805   6783211.49198      1938.20228 Fault_4 48
INLINE-  2147483647 2147483647    456505.83529   6783208.34914      2022.69905 Fault_4 48
INLINE-  2147483647 2147483647    456680.45068   6783205.92781      2078.26582 Fault_4 48
INLINE-  2147483647 2147483647    456804.79800   6783204.20353      2131.89216 Fault_4 48
INLINE-  2147483647 2147483647    456959.12977   6783202.06346      2197.86667 Fault_4 48
INLINE-  2147483647 2147483647    457340.10879   6783196.78055      2280.24661 Fault_4 48
INLINE-  2147483647 2147483647    457484.73972   6783194.77500      2298.76887 Fault_4 48
INLINE-  2147483647 2147483647    457505.02332   6783194.49373      2300.88570 Fault_4 48
INLINE-  2147483647 2147483647    456258.02255   6783211.78548      1940.31910 Fault_4 48
INLINE-  2147483647 2147483647    456131.09713   6782963.97822      1872.22776 Fault_4 49
INLINE-  2147483647 2147483647    456337.46076   6782961.11665      1987.59496 Fault_4 49
INLINE-  2147483647 2147483647    456625.84072   6782957.11778      2082.49947 Fault_4 49
INLINE-  2147483647 2147483647    456997.11888   6782951.96939      2193.63301 Fault_4 49
INLINE-  2147483647 2147483647    457295.19969   6782947.83600      2267.89844 Fault_4 49
INLINE-  2147483647 2147483647    457429.24786   6782945.97720      2302.82613 Fault_4 49
INLINE-  2147483647 2147483647    456036.76806   6782840.50261      1880.51868 Fault_4 50
INLINE-  2147483647 2147483647    456191.09984   6782838.36254      1952.66728 Fault_4 50
INLINE-  2147483647 2147483647    456397.46347   6782835.50097      2020.58222 Fault_4 50
INLINE-  2147483647 2147483647    456582.66161   6782832.93289      2084.43990 Fault_4 50
INLINE-  2147483647 2147483647    456809.30885   6782829.79004      2144.24033 Fault_4 50
INLINE-  2147483647 2147483647    457108.27155   6782825.64443      2210.21484 Fault_4 50
INLINE-  2147483647 2147483647    457510.41607   6782820.06802      2292.59478 Fault_4 50
INLINE-  2147483647 2147483647    457561.56603   6782819.35874      2300.88570 Fault_4 50
INLINE-  2147483647 2147483647    456105.62352   6782589.98053      1929.91136 Fault_4 51
INLINE-  2147483647 2147483647    456218.50619   6782588.41522      2012.29130 Fault_4 51
INLINE-  2147483647 2147483647    456352.55437   6782586.55642      2076.32539 Fault_4 51
INLINE-  2147483647 2147483647    456919.61342   6782578.69320      2259.60753 Fault_4 51
INLINE-  2147483647 2147483647    457146.26066   6782575.55036      2298.76887 Fault_4 51
INLINE-  2147483647 2147483647    456014.75445   6782716.02422      1886.69276 Fault_4 52
INLINE-  2147483647 2147483647    456086.18802   6782715.03368      1925.85410 Fault_4 52
INLINE-  2147483647 2147483647    456303.13441   6782712.02535      2016.52496 Fault_4 52
INLINE-  2147483647 2147483647    456457.46619   6782709.88529      2084.43990 Fault_4 52
INLINE-  2147483647 2147483647    456828.74435   6782704.73690      2179.34442 Fault_4 52
INLINE-  2147483647 2147483647    457302.32244   6782698.16995      2267.89844 Fault_4 52
INLINE-  2147483647 2147483647    457456.65421   6782696.02988      2292.59478 Fault_4 52
INLINE-  2147483647 2147483647    457456.65421   6782696.02988      2294.71161 Fault_4 52
INLINE-  2147483647 2147483647    456051.86166   6782465.94238      1917.56319 Fault_4 53
INLINE-  2147483647 2147483647    456247.64255   6782463.22755      1987.59496 Fault_4 53
INLINE-  2147483647 2147483647    456423.13983   6782460.79399      2063.80081 Fault_4 53
INLINE-  2147483647 2147483647    456680.65342   6782457.22314      2152.53124 Fault_4 53
INLINE-  2147483647 2147483647    456917.88342   6782453.93355      2224.67984 Fault_4 53
INLINE-  2147483647 2147483647    457267.99608   6782449.07865      2298.76887 Fault_4 53
INLINE-  2147483647 2147483647    457278.57883   6782448.93190      2298.76887 Fault_4 53
INLINE-  2147483647 2147483647    456102.16352   6782340.46122      1913.50593 Fault_4 54
INLINE-  2147483647 2147483647    456143.61263   6782339.88646      1983.53770 Fault_4 54
INLINE-  2147483647 2147483647    456421.40983   6782336.03434      2134.00899 Fault_4 54
INLINE-  2147483647 2147483647    456658.63982   6782332.74475      2212.15527 Fault_4 54
INLINE-  2147483647 2147483647    457183.36787   6782325.46852      2298.76887 Fault_4 54
INLINE-  2147483647 2147483647    457204.53337   6782325.17502      2300.88570 Fault_4 54
INLINE-  2147483647 2147483647    456328.81076   6782337.31838      2092.73082 Fault_4 54
INLINE-  2147483647 2147483647    456344.10711   6781214.05348      1841.35733 Fault_4 55
INLINE-  2147483647 2147483647    456550.47075   6781211.19190      1921.79685 Fault_4 55
INLINE-  2147483647 2147483647    456704.80253   6781209.05183      1991.82862 Fault_4 55
INLINE-  2147483647 2147483647    456890.00066   6781206.48375      2070.15130 Fault_4 55
INLINE-  2147483647 2147483647    457209.24697   6781202.05687      2156.58850 Fault_4 55
INLINE-  2147483647 2147483647    457549.65878   6781197.33649      2265.78161 Fault_4 55
INLINE-  2147483647 2147483647    457703.99056   6781195.19643      2300.88570 Fault_4 55
INLINE-  2147483647 2147483647    456342.37711   6781089.29382      1835.18325 Fault_4 56
INLINE-  2147483647 2147483647    456517.87439   6781086.86026      1909.27227 Fault_4 56
INLINE-  2147483647 2147483647    456672.20617   6781084.72019      1981.42087 Fault_4 56
INLINE-  2147483647 2147483647    456785.08884   6781083.15489      2039.10447 Fault_4 56
INLINE-  2147483647 2147483647    457094.63429   6781078.86252      2160.64576 Fault_4 56
INLINE-  2147483647 2147483647    457248.96607   6781076.72246      2218.32935 Fault_4 56
INLINE-  2147483647 2147483647    457413.88060   6781074.43564      2265.78161 Fault_4 56
INLINE-  2147483647 2147483647    457517.06242   6781073.00485      2292.59478 Fault_4 56
INLINE-  2147483647 2147483647    456050.13166   6782341.18273      1853.70550 Fault_4 57
INLINE-  2147483647 2147483647    456091.58077   6782340.60797      1915.44636 Fault_4 57
INLINE-  2147483647 2147483647    456038.70081   6782216.55759      1899.04093 Fault_4 58
INLINE-  2147483647 2147483647    456203.61534   6782214.27078      1975.24679 Fault_4 58
INLINE-  2147483647 2147483647    456368.52987   6782211.98396      2045.27856 Fault_4 58
INLINE-  2147483647 2147483647    456522.86165   6782209.84389      2107.19582 Fault_4 58
INLINE-  2147483647 2147483647    456604.87796   6782208.70660      2154.47167 Fault_4 58
INLINE-  2147483647 2147483647    456903.84066   6782204.56099      2226.62027 Fault_4 58
INLINE-  2147483647 2147483647    457099.62155   6782201.84616      2286.42070 Fault_4 58
INLINE-  2147483647 2147483647    456026.38806   6782091.94469      1888.80959 Fault_4 59
INLINE-  2147483647 2147483647    456242.45255   6782088.94859      1962.89862 Fault_4 59
INLINE-  2147483647 2147483647    456366.79987   6782087.22431      2018.46539 Fault_4 59
INLINE-  2147483647 2147483647    456521.13164   6782085.08424      2107.19582 Fault_4 59
INLINE-  2147483647 2147483647    456706.32978   6782082.51616      2183.40167 Fault_4 59
INLINE-  2147483647 2147483647    456953.26062   6782079.09205      2247.25936 Fault_4 59
INLINE-  2147483647 2147483647    457087.30880   6782077.23325      2276.18936 Fault_4 59
INLINE-  2147483647 2147483647    457159.62426   6782076.23048      2288.53753 Fault_4 59
INLINE-  2147483647 2147483647    456004.37445   6781967.46630      1911.38910 Fault_4 60
INLINE-  2147483647 2147483647    456240.72255   6781964.18894      1979.48045 Fault_4 60
INLINE-  2147483647 2147483647    456405.63708   6781961.90212      2035.04722 Fault_4 60
INLINE-  2147483647 2147483647    456715.18253   6781957.60976      2168.93667 Fault_4 60
INLINE-  2147483647 2147483647    456910.96341   6781954.89493      2224.67984 Fault_4 60
INLINE-  2147483647 2147483647    457240.79247   6781950.32130      2302.82613 Fault_4 60
INLINE-  2147483647 2147483647    456064.37716   6781841.85062      1936.08545 Fault_4 61
INLINE-  2147483647 2147483647    456229.29169   6781839.56380      2022.69905 Fault_4 61
INLINE-  2147483647 2147483647    456434.77343   6781836.71445      2101.02173 Fault_4 61
INLINE-  2147483647 2147483647    456836.91795   6781831.13805      2212.15527 Fault_4 61
INLINE-  2147483647 2147483647    457083.84880   6781827.71394      2267.89844 Fault_4 61
INLINE-  2147483647 2147483647    457187.03061   6781826.28315      2288.53753 Fault_4 61
INLINE-  2147483647 2147483647    456144.66348   6781715.95367      1921.79685 Fault_4 62
INLINE-  2147483647 2147483647    456454.20893   6781711.66131      2022.69905 Fault_4 62
INLINE-  2147483647 2147483647    456608.54071   6781709.52124      2096.78807 Fault_4 62
INLINE-  2147483647 2147483647    456701.13978   6781708.23720      2142.12350 Fault_4 62
INLINE-  2147483647 2147483647    457000.10248   6781704.09158      2232.79436 Fault_4 62
INLINE-  2147483647 2147483647    457174.71786   6781701.67025      2280.24661 Fault_4 62
INLINE-  2147483647 2147483647    457226.74972   6781700.94874      2298.76887 Fault_4 62
INLINE-  2147483647 2147483647    456225.83169   6781590.04449      1915.44636 Fault_4 63
INLINE-  2147483647 2147483647    456297.26526   6781589.05395      1952.66728 Fault_4 63
INLINE-  2147483647 2147483647    456411.02982   6781587.47641      2006.11722 Fault_4 63
INLINE-  2147483647 2147483647    456637.67707   6781584.33357      2092.73082 Fault_4 63
INLINE-  2147483647 2147483647    456905.77341   6781580.61597      2185.51850 Fault_4 63
INLINE-  2147483647 2147483647    456956.92337   6781579.90669      2224.67984 Fault_4 63
INLINE-  2147483647 2147483647    457132.42065   6781577.47313      2265.78161 Fault_4 63
INLINE-  2147483647 2147483647    457286.75243   6781575.33306      2296.65204 Fault_4 63
INLINE-  2147483647 2147483647    457297.33518   6781575.18631      2298.76887 Fault_4 63
INLINE-  2147483647 2147483647    456193.23533   6781465.71285      1938.20228 Fault_4 64
INLINE-  2147483647 2147483647    456389.01622   6781462.99802      2028.87313 Fault_4 64
INLINE-  2147483647 2147483647    456615.66346   6781459.85518      2102.96216 Fault_4 64
INLINE-  2147483647 2147483647    456873.17706   6781456.28433      2197.86667 Fault_4 64
INLINE-  2147483647 2147483647    456976.35887   6781454.85354      2251.31661 Fault_4 64
INLINE-  2147483647 2147483647    457181.84061   6781452.00419      2304.94295 Fault_4 64
INLINE-  2147483647 2147483647    456201.20619   6781340.81868      1907.33185 Fault_4 65
INLINE-  2147483647 2147483647    456335.25436   6781338.95988      1966.95587 Fault_4 65
INLINE-  2147483647 2147483647    456489.58614   6781336.81981      2049.51222 Fault_4 65
INLINE-  2147483647 2147483647    456685.36703   6781334.10498      2150.41441 Fault_4 65
INLINE-  2147483647 2147483647    456829.99795   6781332.09943      2220.44618 Fault_4 65
INLINE-  2147483647 2147483647    456984.32973   6781329.95937      2261.72436 Fault_4 65
INLINE-  2147483647 2147483647    457128.96065   6781327.95382      2282.36344 Fault_4 65
INLINE-  2147483647 2147483647    457201.27611   6781326.95104      2300.88570 Fault_4 65
INLINE-  2147483647 2147483647    455703.54136   6786962.98359      1892.86685 Fault_4 66
INLINE-  2147483647 2147483647    455868.45538   6786960.69678      1946.49319 Fault_4 66
INLINE-  2147483647 2147483647    455971.63688   6786959.26600      1995.88587 Fault_4 66
INLINE-  2147483647 2147483647    456084.51921   6786957.70070      2053.56947 Fault_4 66
INLINE-  2147483647 2147483647    456290.88221   6786954.83913      2134.00899 Fault_4 66
INLINE-  2147483647 2147483647    456497.24521   6786951.97756      2191.69259 Fault_4 66
INLINE-  2147483647 2147483647    456713.30903   6786948.98148      2278.12978 Fault_4 66
INLINE-  2147483647 2147483647    456816.49053   6786947.55069      2300.88570 Fault_4 66
INLINE-  2147483647 2147483647    455689.49864   6786713.61103      1892.86685 Fault_4 67
INLINE-  2147483647 2147483647    455864.99538   6786711.17747      1952.66728 Fault_4 67
INLINE-  2147483647 2147483647    456019.32668   6786709.03741      2010.35087 Fault_4 67
INLINE-  2147483647 2147483647    456133.09090   6786707.45988      2068.03447 Fault_4 67
INLINE-  2147483647 2147483647    456276.83949   6786705.46657      2123.60124 Fault_4 67
INLINE-  2147483647 2147483647    456483.20249   6786702.60500      2183.40167 Fault_4 67
INLINE-  2147483647 2147483647    456720.43175   6786699.31542      2267.89844 Fault_4 67
INLINE-  2147483647 2147483647    456782.16427   6786698.45940      2290.47795 Fault_4 67
INLINE-  2147483647 2147483647    455758.35388   6786463.08895      1896.92410 Fault_4 68
INLINE-  2147483647 2147483647    455923.26790   6786460.80214      1952.66728 Fault_4 68
INLINE-  2147483647 2147483647    456098.76464   6786458.36859      2008.23405 Fault_4 68
INLINE-  2147483647 2147483647    456294.54492   6786455.65377      2049.51222 Fault_4 68
INLINE-  2147483647 2147483647    456428.59268   6786453.79497      2076.32539 Fault_4 68
INLINE-  2147483647 2147483647    456521.19147   6786452.51093      2111.25307 Fault_4 68
INLINE-  2147483647 2147483647    456655.23923   6786450.65214      2162.76259 Fault_4 68
INLINE-  2147483647 2147483647    456798.98781   6786448.65882      2238.96844 Fault_4 68
INLINE-  2147483647 2147483647    456953.31912   6786446.51876      2278.12978 Fault_4 68
INLINE-  2147483647 2147483647    457045.91790   6786445.23473      2294.71161 Fault_4 68
INLINE-  2147483647 2147483647    455930.39062   6786211.13609      1882.63551 Fault_4 69
INLINE-  2147483647 2147483647    456239.05323   6786206.85596      1987.59496 Fault_4 69
INLINE-  2147483647 2147483647    456517.73147   6786202.99163      2057.62673 Fault_4 69
INLINE-  2147483647 2147483647    456702.92903   6786200.42355      2109.13624 Fault_4 69
INLINE-  2147483647 2147483647    456888.12660   6786197.85548      2185.51850 Fault_4 69
INLINE-  2147483647 2147483647    457042.45790   6786195.71542      2249.37618 Fault_4 69
INLINE-  2147483647 2147483647    457166.80484   6786193.99114      2284.30387 Fault_4 69
INLINE-  2147483647 2147483647    457166.80484   6786193.99114      2286.42070 Fault_4 69
INLINE-  2147483647 2147483647    456376.19071   6780964.04130      1856.91714 Fault_4 70
INLINE-  2147483647 2147483647    456504.06419   6780962.26812      1917.11567 Fault_4 70
INLINE-  2147483647 2147483647    456625.32352   6780960.58666      1975.55015 Fault_4 70
INLINE-  2147483647 2147483647    456813.82666   6780957.97275      2049.42015 Fault_4 70
INLINE-  2147483647 2147483647    457002.32981   6780955.35883      2117.99797 Fault_4 70
INLINE-  2147483647 2147483647    457114.77028   6780953.79966      2166.28911 Fault_4 70
INLINE-  2147483647 2147483647    457251.46262   6780951.90419      2234.86693 Fault_4 70
INLINE-  2147483647 2147483647    457491.77657   6780948.57184      2295.06546 Fault_4 70
INLINE-  2147483647 2147483647    457500.59543   6780948.44955      2298.59358 Fault_4 70
INLINE-  2147483647 2147483647    457509.41429   6780948.32726      2298.59358 Fault_4 70
INLINE-  2147483647 2147483647    456365.64185   6780839.40393      1894.62391 Fault_4 71
INLINE-  2147483647 2147483647    456425.16916   6780838.57849      1942.91505 Fault_4 71
INLINE-  2147483647 2147483647    456545.32613   6780836.91231      1996.05735 Fault_4 71
INLINE-  2147483647 2147483647    456691.93969   6780834.87927      2044.12797 Fault_4 71
INLINE-  2147483647 2147483647    456829.73438   6780832.96851      2100.79839 Fault_4 71
INLINE-  2147483647 2147483647    457043.59175   6780830.00303      2178.19651 Fault_4 71
INLINE-  2147483647 2147483647    457240.91376   6780827.26683      2226.26713 Fault_4 71
INLINE-  2147483647 2147483647    457378.70845   6780825.35607      2257.35869 Fault_4 71
INLINE-  2147483647 2147483647    457525.32201   6780823.32303      2291.53734 Fault_4 71
INLINE-  2147483647 2147483647    456363.91185   6780714.64428      1877.42433 Fault_4 72
INLINE-  2147483647 2147483647    456415.72265   6780713.92583      1913.58756 Fault_4 72
INLINE-  2147483647 2147483647    456484.06882   6780712.97810      1953.05839 Fault_4 72
INLINE-  2147483647 2147483647    456595.40694   6780711.43421      2013.25693 Fault_4 72
INLINE-  2147483647 2147483647    456828.00438   6780708.20886      2112.92630 Fault_4 72
INLINE-  2147483647 2147483647    456939.34250   6780706.66497      2155.92525 Fault_4 72
INLINE-  2147483647 2147483647    457136.66450   6780703.92877      2210.83161 Fault_4 72
INLINE-  2147483647 2147483647    457325.16765   6780701.31486      2257.35869 Fault_4 72
INLINE-  2147483647 2147483647    457471.78120   6780699.28182      2293.30140 Fault_4 72
INLINE-  2147483647 2147483647    456398.08493   6780714.17041      1882.71651 Fault_4 72
INLINE-  2147483647 2147483647    456207.85179   6780592.02467      1867.28099 Fault_4 73
INLINE-  2147483647 2147483647    456293.83568   6780590.83236      1927.25902 Fault_4 73
INLINE-  2147483647 2147483647    456371.00071   6780589.76233      1984.14994 Fault_4 73
INLINE-  2147483647 2147483647    456498.87419   6780587.98916      2047.65609 Fault_4 73
INLINE-  2147483647 2147483647    456713.83391   6780585.00838      2131.88994 Fault_4 73
INLINE-  2147483647 2147483647    456903.43941   6780582.37918      2203.99588 Fault_4 73
INLINE-  2147483647 2147483647    457091.94256   6780579.76527      2255.59463 Fault_4 73
INLINE-  2147483647 2147483647    457229.73725   6780577.85452      2303.66525 Fault_4 73
INLINE-  2147483647 2147483647    455683.21578   6787437.44328      1896.39320 Fault_4 74
INLINE-  2147483647 2147483647    455779.72891   6787436.10497      1956.11382 Fault_4 74
INLINE-  2147483647 2147483647    455876.24203   6787434.76665      2010.41556 Fault_4 74
INLINE-  2147483647 2147483647    455964.28910   6787433.54573      2049.02511 Fault_4 74
INLINE-  2147483647 2147483647    456078.29876   6787431.96480      2098.13376 Fault_4 74
INLINE-  2147483647 2147483647    456156.75095   6787430.87693      2131.55021 Fault_4 74
INLINE-  2147483647 2147483647    456262.29455   6787429.41339      2185.85195 Fault_4 74
INLINE-  2147483647 2147483647    456332.28068   6787428.44292      2220.96181 Fault_4 74
INLINE-  2147483647 2147483647    456411.29727   6787427.34722      2254.26537 Fault_4 74
INLINE-  2147483647 2147483647    456507.81040   6787426.00890      2285.87553 Fault_4 74
INLINE-  2147483647 2147483647    456560.30000   6787425.28105      2305.18030 Fault_4 74
INLINE-  2147483647 2147483647    455620.62303   6787438.31124      1845.90404 Fault_4 74
INLINE-  2147483647 2147483647    455825.95270   6786187.62756      1811.07690 Fault_4 75
INLINE-  2147483647 2147483647    455968.46825   6786185.65135      1881.21195 Fault_4 75
INLINE-  2147483647 2147483647    456089.11260   6786183.97841      1949.23024 Fault_4 75
INLINE-  2147483647 2147483647    456362.85534   6786180.18251      2019.36529 Fault_4 75
INLINE-  2147483647 2147483647    456692.33436   6786175.61374      2126.89629 Fault_4 75
INLINE-  2147483647 2147483647    456801.69035   6786174.09733      2181.64961 Fault_4 75
INLINE-  2147483647 2147483647    457097.30429   6786169.99815      2258.41714 Fault_4 75
INLINE-  2147483647 2147483647    457272.97940   6786167.56213      2289.18060 Fault_4 75
INLINE-  2147483647 2147483647    455635.70453   6786714.35697      1835.62776 Fault_4 76
INLINE-  2147483647 2147483647    455706.25546   6786713.37867      1898.73519 Fault_4 76
INLINE-  2147483647 2147483647    455607.60957   6786739.70328      1851.72897 Fault_4 77
INLINE-  2147483647 2147483647    455862.15866   6786736.17354      1958.75195 Fault_4 77
INLINE-  2147483647 2147483647    456098.64661   6786732.89424      2062.27523 Fault_4 77
INLINE-  2147483647 2147483647    456423.18258   6786728.39401      2181.60359 Fault_4 77
INLINE-  2147483647 2147483647    456633.70766   6786725.47472      2243.01762 Fault_4 77
INLINE-  2147483647 2147483647    456756.74912   6786723.76855      2276.32118 Fault_4 77
